30.00,0.00,12.50,13.20,1.00,1.00		
30.00,83.00,0.80,0.40,1.00,1.00		
30.00,172.00,0.20,0.50,1.00,1.00		
30.00,228.00,0.30,0.50,1.00,1.00		
30.00,313.00,1.00,9.30,1.00,0.00		
30.00,333.00,0.80,13.40,1.00,0.00		
30.00,370.00,2.80,17.00,1.00,0.00		
30.00,447.00,4.20,13.80,1.00,0.00		
30.00,475.00,4.50,15.70,1.00,0.00		
30.00,503.00,4.50,12.20,1.00,0.00		
30.00,531.00,7.90,12.60,1.00,0.00		
30.00,559.00,6.20,10.90,1.00,0.00		
30.00,587.00,9.40,15.20,1.00,0.00		
30.00,613.00,8.40,11.60,1.00,0.00		
30.00,642.00,7.20,16.30,1.00,0.00		
30.00,671.00,7.50,11.70,1.00,0.00		
30.00,698.00,8.40,13.20,1.00,0.00		
30.00,726.00,8.30,14.40,1.00,0.00		
30.00,754.00,10.50,11.20,1.00,0.00		
